
111111001111111111110000000011
100000001111111100000001100011
100000000111111000000000001111
111000000011111111110000000111
111100010001111111111010000011
111100001000000001110000000011
111100000000000000000000111111
111100000001000000000001111100
111000000000000000000001111111
111000100001010000000001111111
111000110001000010001001111111
111000111000100000000011111111
111000111000010000100011111111
110001111100000000000001111111
110001111100000000000001111111
110001111110000000000111111111
110001111111000000000111111111
110001111111000010000111111111
100000111111000010000111111111
100000111111100000001111111111
100000011111100000001111111111
100000011111110000001111111111
100000001111111000001111111111
100000000111111000001111111111
000000000111111100011111111111
000000000111111100011111111111
000000001111111111111111111111