
111110000000000000011111
111111111000000000011111
111111111000001111111111
111111111000001111111111
111111111100001111111111
111111111100011111111111
111111111000011111111111
111111111100011111111111
111111111000011111111111
111111111000011111111111
111111111000011111111111
111111111000011111111111
111111111000011111111111
111111111000001111111111
111111110000111111111111
111111110000111111111111
111111110001111111111111
111111110011111111111101
111111110011111111111101
111111110011111111111001
111111110011111111111000
111111100001111111110000
111111100000000000000000
000000000000000000000000
000000000000000000000000
111111111111111111111101