
1111111111111111000111111
1111111000000000000011111
1111111001100011111111111
1111111111110111111111111
1111111111100111111111111
1111111111110111111111111
1111111111110111111111111
1111111111110111111111111
1111111111100111111111111
1111111111100011111111111
1111111111100111111111111
1111111111101111111111111
1111111111001111111111111
1111111111011111111111111
1111111111011111111111111
1111111111011111111111111
1111111111011111111111111
1111111110011111111111000
1111111110111111111111100
1111111110011111111111110
1111111110000000011111110
1111111000000011111111111
1111111100011111111111101
1111111101111111111111101
1111111001111111111111101
1111111101111111111111101
1100000000111111111111101
0000000000000000000000011